1
mu1                   LogLik                BIC
16                    -507.15890599614      -1017.71900937394
19.979                -269.67229099614      -542.745779373943
19.979                -269.67229099614      -542.745779373943
       xi    P(cls 1 | xi)
[1,]  14.04 1
[2,]  14.71 1
[3,]  15.26 1
[4,]  13.85 1
[5,]  15.2  1
[6,]  15.03 1
[7,]  15.09 1
[8,]  16.12 1
[9,]  13.78 1
[10,] 16.27 1
[11,] 20.26 1
[12,] 19.87 1
[13,] 20.28 1
[14,] 21.25 1
[15,] 21.15 1
[16,] 20.69 1
[17,] 20.05 1
[18,] 20.35 1
[19,] 22.22 1
[20,] 21.2  1
[21,] 23.84 1
[22,] 23.12 1
[23,] 24.59 1
[24,] 21.67 1
[25,] 24.03 1
[26,] 23.52 1
[27,] 27.32 1
[28,] 27.02 1
[29,] 24.86 1
[30,] 22.73 1
2
mu1                   mu2                   LogLik                BIC
16                    23                    -107.70793520271      -222.218265168745
14.9859896885316      22.5141196631894      -99.666605332828      -206.13560542898
14.9351512463569      22.5010386335659      -99.6519597800026     -206.10631432333
14.9351135223436      22.5010290075305      -99.6519597719552     -206.106314307235
                          xi                       P(cls 1 | xi)            P(cls 2 | xi)
[1,]                     14.04                    1                        4.25234103781065E-16
[2,]                     14.71                    0.999999999999932        6.76297480248923E-14
[3,]                     15.26                    0.999999999995661        4.33857599993106E-12
[4,]                     13.85                    1                        1.00999534458864E-16
[5,]                     15.2                     0.999999999997245        2.75547889351986E-12
[6,]                     15.03                    0.999999999999239        7.61386338399745E-13
[7,]                     15.09                    0.999999999998801        1.19882337049609E-12
[8,]                     16.12                    0.99999999709487         2.90513023038305E-09
[9,]                     13.78                    1                        5.94717746012193E-17
[10,]                    16.27                    0.999999990962654        9.03734589563486E-09
[11,]                    20.26                    8.57970460474331E-06     0.999991420295395
[12,]                    19.87                    0.000164013882918782     0.999835986117081
[13,]                    20.28                    7.37490027179381E-06     0.999992625099728
[14,]                    21.25                    4.79180423804842E-09     0.999999995208196
[15,]                    21.15                    1.02113367712581E-08     0.999999989788663
[16,]                    20.69                    3.31563502738346E-07     0.999999668436497
[17,]                    20.05                    4.20226304190252E-05     0.999957977369581
[18,]                    20.35                    4.34259166634831E-06     0.999995657408334
[19,]                    22.22                    3.11342769279619E-12     0.999999999996887
[20,]                    21.2                     6.99505016895685E-09     0.99999999300495
[21,]                    23.84                    1.47974037525487E-17     1
[22,]                    23.12                    3.43547642609246E-15     0.999999999999997
[23,]                    24.59                    5.07936023341154E-20     1
[24,]                    21.67                    1.99732263646999E-10     0.999999999800268
[25,]                    24.03                    3.51460731140397E-18     1
[26,]                    23.52                    1.66591498416299E-16     1
[27,]                    27.32                    5.43849233274974E-29     1
[28,]                    27.02                    5.26294854880248E-28     1
[29,]                    24.86                    6.58617811020199E-21     1
[30,]                    22.73                    6.56844787200245E-14     0.999999999999934
3
mu1                   mu2                   mu3                   LogLik                BIC
15                    18                    14                    -308.025794780154     -626.255181705295
15.1017769318477      22.3269691069265      14.5409071901513      -105.379020169194     -220.961632483375
15.112934215745       22.5010452131183      14.7464413403523      -104.939435415047     -220.082462975081
15.057462887624       22.5010805593439      14.812950701912       -104.908523379246     -220.020638903479
15.017495666028       22.5010687108149      14.8530471573915      -104.895169669417     -219.99393148382
14.9907434060721      22.5010628180267      14.8797498521166      -104.88919676368      -219.981985672346
14.9727529503038      22.5010602022166      14.8977185818399      -104.886489688061     -219.976571521108
14.9606120303401      22.5010590245684      14.9098500040174      -104.885255417861     -219.974102980709
14.9524052889069      22.5010584893018      14.9180524880481      -104.884691126925     -219.972974398837
                          xi                       P(cls 1 | xi)            P(cls 2 | xi)            P(cls 3 | xi)
[1,]                     14.04                    0.49231220097538         2.12592203037616E-16     0.50768779902462
[2,]                     14.71                    0.498065698861327        3.38127205682445E-14     0.501934301138639
[3,]                     15.26                    0.502789170397049        2.16902987470536E-12     0.497210829600782
[4,]                     13.85                    0.490680916343681        5.04918867226028E-17     0.509319083656319
[5,]                     15.2                     0.502273891639478        1.37758979534763E-12     0.497726108359144
[6,]                     15.03                    0.500813912561228        3.80660807781618E-13     0.499186087438391
[7,]                     15.09                    0.501329202161687        5.9935631900958E-13      0.498670797837714
[8,]                     16.12                    0.510173646419399        1.45200693367287E-09     0.489826352128594
[9,]                     13.78                    0.490079964921896        2.97307380036725E-17     0.509920035078104
[10,]                    16.27                    0.51146127118745         4.51662659713987E-09     0.488538724295923
[11,]                    20.26                    9.40634145954757E-06     0.999982759736502        7.83392203892243E-06
[12,]                    19.87                    0.000178581789845171     0.999670683185247        0.000150735024908007
[13,]                    20.28                    8.08825849614756E-06     0.999985180190461        6.73155104242246E-06
[14,]                    21.25                    5.34408278079915E-09     0.999999990354004        4.30191319178423E-09
[15,]                    21.15                    1.13686007563828E-08     0.99999997944834         9.18305962227665E-09
[16,]                    20.69                    3.66220298812905E-07     0.999999333251212        3.00528489259431E-07
[17,]                    20.05                    4.59031657111777E-05     0.999915590322244        3.85065120442896E-05
[18,]                    20.35                    4.76841426325848E-06     0.999991272546985        3.9590387518606E-06
[19,]                    22.22                    3.53089581523647E-12     0.99999999999372         2.7491707464975E-12
[20,]                    21.2                     7.79453293455007E-09     0.999999985920189        6.28527846722204E-09
[21,]                    23.84                    1.72574508594688E-17     1                        1.27093781176359E-17
[22,]                    23.12                    3.95712997772124E-15     0.999999999999993        2.98723794822787E-15
[23,]                    24.59                    6.00098888488358E-20     1                        4.30706130795976E-20
[24,]                    21.67                    2.24373229991293E-10     0.999999999597597        1.78030096911113E-10
[25,]                    24.03                    4.11237152724563E-18     1                        3.0088833058087E-18
[26,]                    23.52                    1.93216825834969E-16     1                        1.43868843544171E-16
[27,]                    27.32                    6.73533042586509E-29     1                        4.40136752594704E-29
[28,]                    27.02                    6.48426022703833E-28     1                        4.28119425138435E-28
[29,]                    24.86                    7.81756401255167E-21     1                        5.55906157820406E-21
[30,]                    22.73                    7.51505742504052E-14     0.999999999999867        5.74963540418337E-14
4
mu1                   mu2                   mu3                   mu4                   LogLik                BIC
16                    14                    17                    20                    -176.527233433356     -366.659256393361
15.3191728695262      14.4187662074822      15.8454047819462      22.5058701956194      -110.351573742954     -234.307937012556
15.0445474909433      14.5216455203188      15.3775326858158      22.5030254522487      -109.681617353239     -232.968024233127
14.9754506092468      14.6462267637932      15.1936727715391      22.5012950488045      -109.543670639868     -232.692130806385
14.9583605693872      14.743147212787       15.1046876102927      22.5011443010313      -109.495798114941     -232.59638575653
14.9500781194981      14.8069454132586      15.0490476820953      22.5011102407705      -109.475823737731     -232.55643700211
14.9449808939311      14.8489841491456      15.012111641652       22.5010973507929      -109.467047661058     -232.538884848764
14.941718526488       14.8770557857381      14.9872829137946      22.501091750756       -109.463102261623     -232.530994049894
14.9395924496804      14.8959339669775      14.9705150095816      22.5010892297621      -109.461309560016     -232.52740864668
14.9381898271839      14.9086738174094      14.9591684671522      22.501088080016       -109.460490871384     -232.525771269416
                          xi                       P(cls 1 | xi)            P(cls 2 | xi)            P(cls 3 | xi)            P(cls 4 | xi)
[1,]                     14.04                    0.332498096588961        0.341282137482257        0.326219765928783        1.41709227476116E-16
[2,]                     14.71                    0.333186188164922        0.33529177171436         0.331522040120696        2.25386392561011E-14
[3,]                     15.26                    0.333704023642258        0.330405369730294        0.335890606626003        1.44574228640542E-12
[4,]                     13.85                    0.332291545388796        0.342988238499838        0.324720216111366        3.36564660327827E-17
[5,]                     15.2                     0.333649596181672        0.33093703808158         0.33541336573583         9.18223800397916E-13
[6,]                     15.03                    0.333492639280272        0.33244529711753         0.334062063601944        2.53731828039633E-13
[7,]                     15.09                    0.333548499209655        0.331912656587951        0.334538844201994        3.99502209172724E-13
[8,]                     16.12                    0.334428519799274        0.322823342392545        0.342748136840518        9.67663207718802E-10
[9,]                     13.78                    0.332214177874057        0.343617602986693        0.32416821913925         1.98175807045042E-17
[10,]                    16.27                    0.334544221899043        0.321508426832503        0.343947348258546        3.00990786762726E-09
[11,]                    20.26                    8.72236805535017E-06     7.45121099270753E-06     9.7504657681523E-06      0.999974075955184
[12,]                    19.87                    0.000166492775572368     0.000143875589427994     0.000184600593451977     0.999505031041548
[13,]                    20.28                    7.49800092223067E-06     6.4014973415564E-06      8.38530108360518E-06     0.999977715200653
[14,]                    21.25                    4.88614029246694E-09     4.0538523940112E-09      5.57669232352903E-09     0.999999985483315
[15,]                    21.15                    1.0409225647882E-08      8.66168301525697E-09     1.18554511201615E-08     0.99999996907364
[16,]                    20.69                    3.37519983436368E-07     2.84695058151661E-07     3.80722141572125E-07     0.999998997062817
[17,]                    20.05                    4.26914392769188E-05     3.66965438783401E-05     4.75136571351883E-05     0.99987309835971
[18,]                    20.35                    4.41603716178759E-06     3.76245656124378E-06     4.94588090484228E-06     0.999986875625372
[19,]                    22.22                    3.1840267642967E-12      2.56711088210175E-12     3.7087285021481E-12      0.99999999999054
[20,]                    21.2                     7.13168542544117E-09     5.92563790112357E-09     8.13106410357847E-09     0.999999978811613
[21,]                    23.84                    1.52070944972964E-17     1.16882089163097E-17     1.83254330880052E-17     1
[22,]                    23.12                    3.5229317457157E-15      2.76589297327254E-15     4.18169523736482E-15     0.99999999999999
[23,]                    24.59                    5.23181659238785E-20     3.93314766450273E-20     6.40462482024152E-20     1
[24,]                    21.67                    2.03922641232231E-10     1.67102757908183E-10     2.34802534587786E-10     0.999999999394172
[25,]                    24.03                    3.61398627404152E-18     2.76218446310869E-18     4.37245726716896E-18     1
[26,]                    23.52                    1.71038641235278E-16     1.32708250402866E-16     2.04732481234146E-16     1
[27,]                    27.32                    5.6480602367645E-29      3.91734817056033E-29     7.32172277008102E-29     1
[28,]                    27.02                    5.46080682037341E-28     3.82116031381137E-28     7.03456913130068E-28     1
[29,]                    24.86                    6.78939016131749E-21     5.06357765468184E-21     8.35856828854371E-21     1
[30,]                    22.73                    6.72773645729961E-14     5.34317480048041E-14     7.92070549507883E-14     0.9999999999998
5
mu1                   mu2                   mu3                   mu4                   mu5                   LogLik                BIC
18                    15                    17                    23                    15                    -110.692793046914     -238.391573002139
19.9751599938557      14.7866771514035      16.6802041731459      23.1669878470325      14.7866771514035      -91.9468999920838     -200.899786892478
20.6007121172659      14.7595364377345      15.7848690629369      23.9772972107274      14.7595364377345      -82.7142004436078     -182.434387795526
20.7996392188157      14.7522926228044      15.3849240744355      24.4309583909421      14.7522926228044      -80.7571028521607     -178.520192612632
20.899252052987       14.8009010866665      15.2139767679593      24.6013729328797      14.8009010866665      -80.4102940540328     -177.826575016376
20.9461707364662      14.8438379777561      15.1193981218684      24.6712825536474      14.8438379777561      -80.3276936865687     -177.661374281448
20.9676090531629      14.8734041737949      15.0588015900111      24.7021305165844      14.8734041737949      -80.3030430193263     -177.612072946963
20.9774085948183      14.8933563814641      15.0185136684864      24.7160975594363      14.8933563814641      -80.294314230057      -177.594615368425
20.9819026820658      14.9068387117999      14.9914353512367      24.7224821321244      14.9068387117999      -80.2908362330489     -177.587659374409
20.9839678556396      14.9159583042127      14.973161338425       24.72541225676        14.9159583042127      -80.2893510677893     -177.584689043889
20.9849178366855      14.9221283664454      14.960810368333       24.726759365404       14.9221283664454      -80.2886936123653     -177.583374133041
                          xi                       P(cls 1 | xi)            P(cls 2 | xi)            P(cls 3 | xi)            P(cls 4 | xi)            P(cls 5 | xi)
[1,]                     14.04                    1.67271164695117E-11     0.337185073129902        0.325629853723468        7.89122558938772E-26     0.337185073129902
[2,]                     14.71                    9.63513777383846E-10     0.33432669938056         0.331346600275366        5.57663554915903E-23     0.33432669938056
[3,]                     15.26                    2.68500047444859E-08     0.33196147987532         0.336077013399356        1.21686477904227E-20     0.33196147987532
[4,]                     13.85                    5.29884282031324E-12     0.337991002410251        0.3240179951742          1.22784289333937E-26     0.337991002410251
[5,]                     15.2                     1.86767240381062E-08     0.332220316584267        0.335559348154741        6.76230863700205E-21     0.332220316584267
[6,]                     15.03                    6.67791389657484E-09     0.332952609504924        0.334094774312238        1.2798960828141E-21      0.332952609504924
[7,]                     15.09                    9.60032552251652E-09     0.332694335320268        0.334611319759139        2.30315688309999E-21     0.332694335320268
[8,]                     16.12                    4.88027117463491E-06     0.328228516196228        0.343538087336369        5.5245190933826E-17      0.328228516196228
[9,]                     13.78                    3.46935865715526E-12     0.338287399605231        0.323425200786069        6.18666618864692E-27     0.338287399605231
[10,]                    16.27                    1.20928561250941E-05     0.327571296119112        0.344845314905651        2.39959848748046E-16     0.327571296119112
[11,]                    20.26                    0.99993679644813         8.45153931494728E-07     1.03820671384587E-06     6.0475037293676E-05      8.45153931494728E-07
[12,]                    19.87                    0.999957082881957        8.991428009976E-06       1.08799006654402E-05     1.40543613570905E-05     8.991428009976E-06
[13,]                    20.28                    0.99993240819773         7.48640279359542E-07     9.20358853627934E-07     6.51741628580844E-05     7.48640279359542E-07
[14,]                    21.25                    0.997548964822046        2.08541184713352E-09     2.66177437368075E-09     0.00245102834535561      2.08541184713352E-09
[15,]                    21.15                    0.99831275619784         3.82673012950291E-09     4.86549802859913E-09     0.0016872312832022       3.82673012950291E-09
[16,]                    20.69                    0.99969762947104         6.23198562745114E-08     7.78391694682609E-08     0.000302168050077809     6.23198562745114E-08
[17,]                    20.05                    0.999962720034271        3.01914963183376E-06     3.67878819989984E-06     2.75628782655446E-05     3.01914963183376E-06
[18,]                    20.35                    0.99991372890998         4.8972531712776E-07      6.03687964134618E-07     8.46879514214422E-05     4.8972531712776E-07
[19,]                    22.22                    0.915227950948218        5.34246834498905E-12     7.07973104317705E-12     0.0847720490340168       5.34246834498905E-12
[20,]                    21.2                     0.997966337303502        2.82504458943147E-09     3.59885824894451E-09     0.0020336534475504       2.82504458943147E-09
[21,]                    23.84                    0.0245406875446614       7.77286400647116E-18     1.09665713019288E-17     0.975459312455339        7.77286400647116E-18
[22,]                    23.12                    0.271218321999431        6.75770604926138E-15     9.27242950726167E-15     0.728781678000546        6.75770604926138E-15
[23,]                    24.59                    0.00151782616959944      5.09494348419767E-21     7.399948600823E-21       0.998482173830401        5.09494348419767E-21
[24,]                    21.67                    0.988309508277708        1.61910667330548E-10     2.10044157313683E-10     0.0116904911884265       1.61910667330548E-10
[25,]                    24.03                    0.0122062490501634       1.22179889490487E-18     1.73652646903875E-18     0.987793750949837        1.22179889490487E-18
[26,]                    23.52                    0.0769031937457119       1.69515823348167E-16     2.36224119592106E-16     0.923096806254288        1.69515823348167E-16
[27,]                    27.32                    5.5649954926956E-08      1.21113858144729E-32     1.95499422382265E-32     0.999999944350045        1.21113858144729E-32
[28,]                    27.02                    1.70994879404942E-07     2.29415591978898E-31     3.66045233893227E-31     0.999999829005121        2.29415591978898E-31
[29,]                    24.86                    0.00055319074034007      3.61303786713367E-22     5.3027075762969E-22      0.99944680925966         3.61303786713367E-22
[30,]                    22.73                    0.615589204209218        1.63175635000371E-13     2.20545294863959E-13     0.384410795790235        1.63175635000371E-13
k = 5 has best BIC Score of -177.583374133041
Press any key to exit....
